5010029000016
3168930010265
5010029000801
20003166
3229820019307
3229820160672
5010029000023
4088600247519
3229820129488
5010477348678
5000108022152
3229820782560
3159470000120
3168930009078
5010477348357
4008713756661
5018357012497
8402001010873
7613287194374
5000119117359
5070000126579
3229820769165
5000436857112
5010029226188
5010029229035
7613036669146
7613034626844
5060043224561
5010477348395
4088600056135
5010029000504
5010029229110
7613031473113
3168930010906
5010477348517
5099801003339
20471613
5000108280941
3387390123210
40897677
20159917
5000127142190
8480000156112
5057753158422
5018357012411
5018357012534
5000127062092
7613287514325
3168930009795
5010477347312
4088600247458
20621469
5000108022176
5059319029702
5070000126548
3560070614202
7613287152183
3387390326574
20621483
8402001015205
3168930003632
5059319014814
7613287195210
5059319030517
8480000095367
00130509
5060482841565
5010029226133
5010477353115
5059319023762
5010029202410
5010477348630
5000436616443
3159470001424
3229820798110
7613287157201
0884912005502
3229820786605
20060831
5018357804764
8480000229663
5059319029016
5010477356239
20283360
8480000095718
7613287366665
5010029219326
4056489195917
5053827110983
5000119117342
5053827199568
5900617002983
4056489159506
3159470005071
3229820796857
7613287170989
5010477354051
8410188012092
3229820797861
8480000094742